3654
0;
0;
0;
0;
0;
0;
0;
0;
0;
-0.246803;0.488632;0.177404;-0.524094;-0.663991;0.936522;0.248085;0.00869778;0.538438;-0.177892;
-0.570299;0.99939;-0.19303;-0.24839;-0.935545;-0.0616779;-0.879025;0.436628;0.0696127;0.918088;
0.668508;0.915586;-0.477889;-0.869076;0.604297;0.529893;0.980834;0.151158;0.452437;0.965941;
-0.390179;0.815363;-0.283975;0.676565;0.16538;-0.487533;0.256203;-0.00674459;0.907651;0.697134;
0.00338755;0.242775;-0.498276;-0.562792;0.563158;-0.819941;-0.0308542;0.810236;0.278603;0.0499588;
0.752312;-0.0414136;-0.687002;0.590258;0.954955;-0.38139;0.313944;-0.711173;0.821223;0.934141;
-0.777886;-0.792596;-0.485092;0.367718;-0.212683;0.683645;0.26249;0.522385;0.35374;-0.775201;
-0.0785241;-0.314127;0.477401;-0.0939665;-0.962584;-0.0903653;-0.0617389;0.58385;-0.548143;0.436262;
-0.290994;-0.760552;-0.477218;0.286233;-0.556261;-0.236793;0.0215766;0.81811;-0.951537;-0.507248;
0.768242;0.0731529;0.896176;0.818049;-0.933348;-0.281655;0.248878;0.164586;0.00436415;0.398846;
0.449446;0.668935;-0.323222;0.313456;0.445235;-0.142674;-0.599353;0.825373;-0.793817;0.641163;
-0.0220038;-0.0796228;0.600208;0.941221;0.0730918;-0.674673;-0.71221;0.253395;-0.234474;0.0989715;
-0.801019;0.468307;-0.658254;0.508347;-0.845393;-0.742912;0.386639;-0.997375;-0.805231;-0.66332;-0.760857;0.0973235;0.176672;
-0.0744346;-0.126621;-0.0193793;0.204321;-0.295572;0.267739;-0.344462;0.453413;-0.407392;-0.674673;0.429182;-0.0473342;0.653676;
0.407514;-0.4373;-0.11539;-0.557909;0.542772;0.893368;0.969115;0.104587;-0.625599;0.24192;0.490341;-0.45323;0.908994;
0.418195;0.532029;0.979797;0.127537;-0.364116;-0.0188299;0.157384;-0.476669;0.150853;-0.135533;-0.382183;-0.372784;0.933836;
0.578845;-0.758477;0.584277;-0.808405;0.579394;0.43791;0.843074;0.547716;-0.913633;0.273232;0.0216987;0.695853;0.374859;
0.853328;0.0111393;0.338969;0.20835;0.271462;-0.619861;0.225379;-0.0204169;0.436079;-0.857479;0.0951872;-0.87878;0.0893887;
0.951476;0.349956;-0.651967;0.330424;-0.219398;0.256508;-0.706168;0.953673;0.157506;-0.500839;-0.894223;0.917478;0.00900296;
0.892087;-0.442488;-0.746879;-0.816767;-0.936338;-0.755058;-0.27134;0.709586;0.926939;0.426374;-0.421918;-0.140721;0.746879;
-0.930662;-0.38963;-0.930113;-0.381756;-0.332316;0.00930815;-0.205115;0.166356;0.389935;-0.862362;-0.658437;0.282205;-0.87756;
-0.342814;-0.23954;0.705924;-0.0300607;-0.721671;0.847407;0.27018;0.775201;0.450606;0.320963;-0.383648;-0.779534;0.30723;
-0.76043;-0.804376;0.0745567;-0.823847;-0.281961;0.367901;-0.854488;0.970031;-0.992187;-0.589404;0.503891;-0.232826;-0.996704;
-0.749077;0.537523;-0.102634;-0.763665;0.73217;-0.599048;-0.157201;0.421064;0.228248;-0.577685;-0.730888;0.612476;-0.581164;
-0.971191;-0.502976;-0.959288;0.0361644;-0.244972;0.728202;-0.316141;-0.602344;0.895688;0.337687;-0.359539;-0.463729;-0.635121;
-0.455306;0.366802;-0.259621;-0.67449;0.775628;0.839106;-0.682974;-0.849422;-0.970031;0.703787;0.389996;0.27842;-0.436201;
0.479415;-0.454756;-0.474105;-0.799188;0.871151;0.137364;-0.579455;-0.4138;0.261086;0.0675985;0.11478;-0.306742;0.4373;
0.847957;-0.555223;-0.102939;-0.376934;0.762322;0.696585;0.926817;0.870113;-0.0619221;0.641041;0.00967437;0.876766;0.140599;
-0.598437;-0.481491;-0.704947;-0.898129;0.716239;0.435835;-0.411481;0.198401;0.156224;-0.0530107;-0.497116;-0.712516;-0.135044;
-0.525437;0.212928;-0.482223;-0.621754;0.466536;0.207434;-0.0762047;-0.910337;0.25132;0.975036;0.618641;-0.0776086;-0.728935;
0.553331;0.396832;-0.228919;0.00698874;0.00357067;-0.440107;0.275369;0.908322;0.874081;-0.223304;0.488205;-0.362835;0.713736;-0.208289;-0.998901;0.943724;0.699576;0.793756;-0.911069;
-0.51915;0.43968;0.256447;0.436628;0.874752;0.0142521;0.0652181;0.0104678;-0.640126;0.31785;-0.259499;-0.363384;-0.705252;-0.23545;0.572192;0.849055;0.867733;0.419294;-0.524094;
0.569262;-0.692862;-0.383099;0.385479;0.180883;-0.091464;0.132725;-0.00827052;-0.438765;0.189367;0.965636;-0.357341;0.632313;-0.513474;-0.202612;0.215674;-0.00650044;-0.693045;-0.809626;
