3193
0;
0;
0;
0;
0;
0;
0;
0;
0;
-0.920835;0.148106;0.547227;0.539354;-0.0259713;-0.501938;0.257118;0.540208;-0.650685;0.930113;
0.212989;-0.860408;0.481918;-0.256203;0.126011;-0.627064;0.758904;-0.701895;0.358074;-0.160741;
0.329569;0.306253;0.286233;0.857601;-0.114048;0.744133;0.827204;0.143406;-0.115513;-0.565233;
-0.0650349;-0.43376;0.522019;-0.629444;0.883114;-0.447493;0.777947;-0.16306;0.14481;0.695303;
-0.164464;-0.601611;0.683462;-0.867183;-0.80578;0.811457;-0.534837;-0.739311;0.786431;-0.0753502;
-0.992798;0.336528;-0.590258;-0.369304;-0.226295;0.543443;0.789727;0.930601;-0.768731;-0.928037;
-0.418073;0.174108;0.378094;-0.21543;0.629994;0.539048;-0.442976;-0.975768;-0.211646;0.810297;
0.367473;-0.86932;-0.374798;-0.477279;-0.513291;0.225379;0.315897;-0.469832;-0.785943;-0.17069;
-0.959166;-0.938169;0.55034;0.87463;0.199622;0.33018;-0.375286;-0.32609;-0.246071;-0.248268;
-0.718009;0.408673;0.0121158;0.844172;0.642384;-0.300394;0.167272;-0.139134;0.446455;-0.177831;
0.90228;-0.772942;0.997864;0.128208;0.373089;0.83874;0.515854;-0.762017;-0.115696;0.287393;
0.711173;-0.436384;0.567675;0.073397;-0.603931;0.727409;-0.622669;0.869869;0.943236;-0.562975;
-0.285195;0.899594;0.403485;0.380474;0.993896;0.488388;0.0974456;-0.297464;0.460555;-0.143834;0.491317;-0.373577;-0.421003;
-0.790948;0.171117;-0.217933;0.296548;-0.805536;0.726432;-0.196081;-0.50029;0.782647;-0.642811;0.76104;0.974731;0.635609;
-0.984375;-0.0186468;-0.816279;-0.972472;0.895749;0.833369;0.170812;0.37846;-0.917356;0.0270089;-0.091464;-0.537278;0.17539;
-0.00308237;-0.601062;-0.642567;-0.305948;0.929807;0.840754;0.190222;0.0851161;-0.00100711;0.175329;0.750725;0.136509;0.36906;
0.324686;0.0282296;0.615711;-0.468612;0.432417;0.737236;-0.0572222;-0.464705;-0.578112;-0.106235;0.711295;0.675771;-0.817072;
0.505234;0.86877;-0.799738;-0.299966;-0.564318;0.370891;0.598865;-0.565844;-0.49028;-0.880428;-0.962706;-0.728202;0.917173;
-1;0.498276;-0.648305;-0.0195624;-0.173376;0.191626;-0.915769;0.348796;0.0124821;-0.202918;-0.326334;0.679556;-0.226356;
-0.899228;-0.542405;-0.128758;-0.318705;-0.41026;-0.625233;-0.0906705;0.373699;0.564867;0.87463;-0.611866;0.241005;-0.663015;
-0.419599;-0.229469;0.895444;0.066744;-0.980773;-0.551073;-0.761345;0.811579;-0.269509;-0.330546;-0.0600909;-0.657521;0.0660726;
-0.618519;-0.864132;-0.707083;-0.00601215;-0.923765;-0.833125;-0.798273;0.219153;0.675283;-0.840144;0.0133366;-0.0676595;-0.467269;
-0.728324;-0.402203;-0.498886;-0.386395;-0.594592;-0.147557;-0.585803;-0.0901822;0.211402;0.948241;-0.207495;-0.84283;-0.813715;
0.28312;-0.221046;0.91583;-0.318155;0.704947;-0.879818;0.0762047;-0.363201;-0.433638;-0.748894;0.853816;-0.156224;-0.825556;
0.197119;-0.666311;0.563463;0.197058;0.604236;0.629749;0.2996;0.588672;-0.788995;-0.281961;-0.45378;-0.401166;-0.925169;
0.0101627;-0.679983;-0.575549;0.863582;0.725944;-0.709403;0.0696738;0.526963;-0.869869;-0.679434;-0.0252998;-0.340739;0.695059;
-0.771355;-0.0227973;-0.134373;-0.74926;0.587939;-0.832026;-0.555162;0.186926;-0.628956;0.203833;-0.298685;0.767205;-0.743278;
0.639454;-0.801935;0.619922;0.408124;-0.157811;-0.736137;0.466597;-0.463729;0.0506302;-0.933164;0.151769;0.061861;-0.859493;
-0.433393;0.0356151;0.186621;-0.339885;0.658376;0.812677;-0.312662;-0.302225;0.820307;-0.181494;-0.754509;0.143773;-0.42204;
0.887753;-0.875851;-0.0908536;0.0972625;-0.17539;-0.995056;-0.335246;0.218604;0.550157;-0.201819;-0.338786;-0.754448;-0.0133976;
-0.762505;0.194433;0.799432;0.743828;0.0728477;0.277383;-0.947203;-0.332072;0.673086;-0.917966;0.65508;-0.683706;0.851192;-0.286966;-0.339396;0.420759;0.725394;-0.124424;-0.225196;
0.40141;-0.573168;-0.998962;-0.771966;-0.00613422;-0.53148;0.391644;0.59154;-0.947874;-0.413984;-0.0529496;0.846492;-0.409772;-0.136326;0.0359813;0.020661;-0.8764;-0.0411695;0.0744346;
-0.297098;0.375164;0.23545;0.37376;-0.250526;0.405744;0.621082;0.820307;0.49443;-0.766167;0.998596;0.950011;0.776055;-0.994201;-0.0544755;0.980041;-0.907712;-0.22074;-0.365703;
