992
0;
0;
0;
0;
0;
0;
0;
0;
0;
-0.541856;0.571398;-0.308573;-0.420087;-0.715506;-0.288003;-0.14835;0.0286569;0.12302;-0.275124;
0.982299;0.867855;-0.302225;0.367901;0.0171819;-0.328532;-0.840938;-0.425642;0.00558489;-0.253578;
0.224036;0.279946;0.879452;0.0790124;0.586779;0.441877;0.647084;0.00430311;-0.838618;-0.438765;
-0.924619;0.410199;-0.281533;0.0226142;0.922361;0.289712;0.479293;0.561571;0.782708;0.452986;
0.229286;0.174352;0.610034;-0.787957;0.513596;-0.218787;-0.0232856;-0.1489;0.477157;-0.0439161;
0.134556;0.693594;-0.088229;0.0351878;-0.0610065;-0.419538;-0.926939;0.917356;0.698904;-0.429426;
0.828669;0.867428;0.0146184;-0.324015;-0.298318;0.637196;-0.332743;-0.554491;-0.628834;-0.785699;
-0.37962;-0.792108;-0.808588;0.513291;-0.801752;0.788141;-0.705863;0.31962;-0.497787;0.508408;
0.834712;-0.198889;0.127476;-0.712882;0.945433;0.897641;0.243446;-0.351909;0.958495;-0.0973846;
-0.89996;0.451949;-0.539048;0.547899;0.0221259;-0.837092;0.744316;0.905698;0.954161;0.463851;
0.210669;-0.581164;-0.380779;-0.969726;-0.701041;0.373089;0.353008;-0.721915;-0.506882;0.122288;
0.676382;-0.10416;-0.025483;0.381451;0.668386;-0.0250557;0.481491;-0.102939;-0.796625;0.550035;
-0.0613117;0.810358;0.112949;0.361675;0.418195;-0.976867;0.336589;-0.345378;0.995178;0.881466;-0.876766;0.823725;-0.939329;
-0.513779;0.34611;-0.280618;-0.346049;0.947508;0.992676;0.426557;0.37669;-0.109043;-0.105991;-0.671682;0.451765;0.531541;
-0.246071;-0.73278;-0.510666;0.625721;0.542039;-0.383282;0.52208;0.615589;-0.687918;-0.924314;0.872677;-0.723807;0.509323;
0.997375;-0.584338;0.18009;-0.172521;0.0665609;-0.203223;0.289895;-0.319681;0.136998;0.170995;0.992981;-0.651845;0.0407422;
-0.976684;0.889767;-0.137303;-0.816645;-0.365886;0.648366;0.693167;-0.263283;0.750725;-0.76165;0.2949;-0.75866;0.0294504;
-0.144078;-0.415204;0.432417;-0.19071;0.852412;0.404035;0.099704;-0.22013;-0.0200507;0.032075;-0.203528;0.106967;-0.734123;
-0.186071;0.207495;-0.422956;0.828303;0.963012;-0.00979644;0.324259;0.94525;-0.397443;0.900937;-0.298318;0.691397;0.107639;
0.0187078;0.859798;0.452437;0.810236;0.879513;0.594104;0.63152;-0.869259;0.332682;0.0254219;-0.140477;0.197119;0.932981;
0.674123;-0.978332;0.0149846;-0.320048;-0.508347;0.412885;-0.748833;0.917722;-0.588305;0.334758;0.693167;0.207129;0.983093;
0.446699;0.446028;0.983337;-0.352763;0.182592;-0.0685751;0.810907;0.223365;-0.452498;0.748711;-0.950926;-0.838252;0.604907;
-0.537828;0.73986;0.130894;0.9682;0.377239;0.530747;-0.502731;-0.391522;-0.633595;-0.554064;-0.736137;0.291726;0.809076;
0.316935;0.0270699;0.956359;0.707022;0.686087;-0.484176;0.345744;0.0381787;0.995605;-0.724052;0.206458;-0.588794;0.873592;
-0.93939;0.36607;-0.916684;-0.66924;-0.50914;-0.998779;-0.596301;-0.32017;0.548082;-0.588855;-0.25425;0.989319;0.460921;
-0.393841;0.989319;0.885983;0.549181;0.0260933;-0.383099;-0.483139;0.587573;-0.300699;0.48558;-0.515793;0.251198;0.156468;
0.336467;-0.434919;-0.794549;-0.590014;-0.89404;-0.97058;-0.596667;-0.687307;-0.900204;0.367718;0.152135;0.608081;-0.907407;
-0.758965;-0.488144;0.983947;-0.583666;-0.532701;0.588855;0.442915;-0.901181;-0.145909;0.28544;-0.698111;-0.883358;0.692068;
-0.929624;-0.867489;0.82226;0.721183;-0.669729;-0.0443434;-0.38908;0.381878;0.865963;0.00259407;0.887387;0.163854;-0.904233;
-0.645131;0.396405;-0.134739;0.528916;-0.224525;-0.0213324;-0.425703;-0.930357;0.0442824;0.815302;0.185949;-0.28251;-0.890622;
-0.776971;0.266701;-0.776849;0.36784;-0.937376;-0.920896;0.264992;-0.612659;-0.176916;0.579089;0.706656;0.382427;0.444075;0.198279;0.500046;-0.24369;-0.0605792;-0.775506;-0.205359;
0.022248;0.883602;0.591723;0.816889;0.416181;0.823969;0.893002;-0.918821;-0.487228;-0.318583;0.428938;0.495834;0.15891;0.202124;0.102939;-0.0745567;0.0348216;-0.478195;0.977477;
-0.226539;0.157628;0.906491;-0.697501;0.146519;0.638417;-0.269021;0.82934;-0.837031;0.00552385;0.758782;-0.778375;0.969176;-0.592822;0.784661;0.377422;0.0244453;0.00515763;-0.296854;
