3602
0;
0;
0;
0;
0;
0;
0;
0;
0;
-0.202355;0.0340245;0.287918;-0.344401;-0.933897;-0.416608;0.875622;0.302103;-0.151404;-0.483124;
-0.906308;0.937254;0.84051;-0.800348;-0.195105;0.271889;-0.96997;0.257424;-0.868954;0.658559;
-0.812494;0.62068;-0.752251;-0.396649;-0.312052;-0.571581;0.879452;-0.454099;0.399701;0.59447;
0.735735;0.345317;0.0315265;-0.184301;0.0810769;0.984027;0.495285;0.322794;-0.294101;0.0837123;
0.683574;-0.191931;0.873653;0.739189;-0.458907;0.184595;-0.631214;0.668161;0.553392;-0.625233;
-0.215979;-0.662882;-0.756157;-0.0794984;-0.588758;-0.512558;-0.586941;0.900082;0.503036;-0.981276;
-0.332865;0.821443;-0.224281;0.288126;-0.26841;0.245827;-0.189466;-0.0694296;-0.25071;0.902466;
0.901486;0.243202;-0.51677;-0.654469;-0.122532;0.324215;0.640248;0.334614;-0.459639;-0.414228;
-0.835;0.835383;-0.910092;0.0164495;0.465589;-0.499741;-0.0294504;0.674429;0.833979;0.813166;
0.957426;0.962706;0.298153;-0.765252;-0.579699;-0.595569;0.273904;0.851996;-0.516099;-0.543157;
0.469837;0.28768;-0.651234;0.987793;-0.545532;-0.521689;-0.445617;0.719237;0.381939;0.901486;
0.248939;-0.741325;-0.793512;0.0361034;-0.285134;0.61626;-0.222327;0.666851;0.0175481;-0.399914;
-0.151158;-0.830254;0.798334;0.783685;0.285363;0.364544;0.591601;0.853606;-0.997986;-0.747161;0.839167;0.91406;-0.361309;
-0.484015;0.0166326;0.223853;-0.845454;0.717958;0.953557;0.65276;0.0802942;-0.0547092;-0.707389;-0.747978;-0.115818;-0.063509;
-0.851253;-0.442732;-0.820159;-0.236915;0.36552;0.38977;-0.347819;0.43564;-0.357524;0.438032;0.539903;0.579229;-0.93133;
-0.0472732;0.524834;-0.953892;0.460207;-0.668569;0.161229;-0.16129;-0.249794;-0.151984;-0.944651;0.985046;-0.408429;0.48787;
0.709525;0.22054;-0.258296;0.690136;-0.832655;-0.924236;0.36375;-0.164831;-0.309366;-0.989257;0.221929;0.529893;0.502121;
-0.738547;-0.117732;0.178935;0.493446;-0.497675;0.901975;-0.260684;0.181799;0.693655;0.524836;-0.816034;0.871519;-0.60857;
0.568834;0.0372021;-0.632374;0.930158;0.298868;0.870968;-0.420148;-0.202307;0.250099;0.153175;-0.0949431;-0.513352;-0.431684;
-0.0903653;0.93054;-0.677664;0.0165105;0.624561;0.82989;0.823603;-0.0814539;-0.310343;-0.64391;-0.0251167;0.591052;0.343486;
0.228004;0.316019;0.326151;-0.0235298;-0.525498;0.158739;-0.0127873;-0.406903;0.298013;0.251137;-0.728092;-0.758869;0.0199896;
0.182592;-0.266396;0.269692;0.441543;-0.417219;-0.711173;-0.523734;-0.261611;-0.83459;-0.837458;0.706424;-0.573865;0.395573;
-0.826167;-0.606311;0.650059;0.531907;0.952696;-0.571177;-0.391217;0.691151;0.357341;0.704299;0.41222;-0.627674;0.278054;
-0.5444;0.142796;-0.727051;-0.249611;-0.727897;-0.829035;-0.557593;-0.436567;0.695669;0.914124;0.411542;-0.466903;0.108982;
-0.886593;-0.742318;0.410016;0.292703;-0.666158;0.55089;-0.490585;0.89662;0.771599;-0.698721;-0.544115;0.529283;-0.607776;
-0.536646;-0.514587;0.967904;0.163461;-0.168615;-0.681936;-0.125095;0.691641;-0.834407;0.813959;0.12949;-0.0134587;0.248211;
-0.411103;0.0261731;0.319987;0.939451;0.808825;0.423627;-0.0942717;-0.507065;0.270304;-0.59801;0.372173;-0.903745;0.831466;
-0.0410206;0.0309153;-0.285928;-0.57329;-0.35435;0.987671;-0.242775;-0.313514;0.314798;0.799127;0.385968;-0.94818;0.136998;
-0.210608;-0.693167;-0.546312;0.918088;-0.198279;-0.645644;-0.95764;-0.803843;-0.702876;-0.531785;0.171117;-0.41653;0.157006;
0.820368;0.09772;-0.724951;0.28019;-0.171167;-0.0312815;0.997297;-0.705049;0.416303;-0.279397;0.217876;0.918419;0.808238;
0.0812708;-0.421613;0.191809;-0.936399;-0.77395;0.598946;-0.878109;-0.201138;-0.29136;-0.61919;-0.511887;0.790033;0.0277413;-0.159723;-0.0435499;-0.449812;0.130833;-0.256264;-0.480636;
-0.687124;0.679556;-0.986999;-0.312174;0.710685;-0.718986;-0.687857;-1.00299;0.453352;-0.298624;0.656606;0.518951;-0.676565;-0.870785;-0.127409;-0.470382;0.785591;-0.446944;0.712455;
0.645009;0.631226;0.31431;0.451643;-0.856136;0.614588;-0.101474;0.758965;-0.359905;-0.911191;0.0273141;-0.32664;-0.590114;-0.956542;0.113926;0.487777;0.946158;0.703543;-0.856014;
