3652
0;
0;
0;
0;
0;
0;
0;
0;
0;
-0.920835;0.148106;0.547227;0.546889;-0.0259713;-0.501938;0.257118;0.540208;-0.650685;0.917281;
-0.402006;0.0928068;-0.988887;0.94055;0.535142;0.295328;0.101487;0.271745;-0.561937;0.505581;
0.329569;0.306253;0.282179;0.857601;-0.114048;0.744133;0.827204;0.14216;-0.114451;-0.565233;
-0.0650349;-0.43376;0.527186;-0.62517;0.883114;-0.447493;0.777947;-0.16306;0.14481;0.695303;
-0.163596;-0.601611;0.67602;-0.867183;-0.80578;0.80817;-0.534837;-0.739311;0.786431;-0.0743731;
-0.215979;-0.662882;-0.756157;-0.0782189;-0.588758;-0.502908;-0.586941;0.900082;0.503036;-0.986938;
-0.14127;0.196631;-0.719553;0.485256;0.0926871;0.936625;0.843074;0.617542;-0.666372;0.119236;
0.370257;-0.86932;-0.374798;-0.477279;-0.513291;0.225379;0.315897;-0.475021;-0.785943;-0.170616;
-0.972611;-0.938169;0.55034;0.87463;0.199622;0.33018;-0.381202;-0.32609;-0.246071;-0.248268;
-0.718009;0.410005;0.0121158;0.854471;0.642384;-0.300394;0.167272;-0.139134;0.446455;-0.177831;
0.467757;0.292072;-0.651234;0.987793;-0.556221;-0.528794;-0.437887;0.719237;0.381939;0.901486;
0.709499;-0.430316;0.567675;0.073397;-0.603931;0.727409;-0.622669;0.869869;0.945099;-0.562975;
-0.23014;-0.867746;-0.0989105;0.252963;0.536851;0.600158;-0.0472034;-0.38084;-0.621078;0.758843;0.925108;-0.34948;0.221079;
-0.109108;0.864193;0.79223;-0.912534;-0.908567;0.0267158;0.524463;-0.375469;-0.125926;-0.53698;-0.0249165;0.864254;-0.801141;
-0.851253;-0.442732;-0.806467;-0.236915;0.36552;0.386049;-0.341976;0.43564;-0.357524;0.438032;0.539903;0.579229;-0.920347;
-0.0467515;0.524834;-0.959471;0.460207;-0.668569;0.161229;-0.158442;-0.245825;-0.151984;-0.941461;0.985046;-0.408429;0.4956;
0.324686;0.0282296;0.615711;-0.468612;0.432417;0.744618;-0.0572222;-0.464705;-0.578112;-0.106235;0.711295;0.672765;-0.817072;
-0.741142;-0.116229;0.178935;0.493446;-0.502731;0.901975;-0.257977;0.181799;0.695992;0.531114;-0.816034;0.871519;-0.602408;
0.354348;0.962157;0.688467;-0.0149503;0.16538;-0.0842616;-0.735947;-0.161937;-0.399685;0.752434;0.761528;-0.963561;0.397443;
-0.0690634;-0.990051;0.830646;-0.324022;0.676308;0.691776;-0.0971404;0.429243;-0.671804;-0.319987;-0.951043;0.123692;-0.624863;
0.635243;-0.897124;-0.770068;-0.584703;0.757073;-0.584454;-0.858943;0.765252;0.778497;-0.876644;0.810291;0.971051;-0.298257;
0.180424;-0.266396;0.269692;0.433202;-0.417219;-0.700597;-0.521635;-0.265901;-0.83459;-0.837458;0.710324;-0.569018;0.394513;
-0.736473;-0.402203;-0.498614;-0.386395;-0.594592;-0.147557;-0.585803;-0.0901822;0.211402;0.950467;-0.203389;-0.84283;-0.828451;
0.957518;-0.576098;-0.572985;-0.534876;-0.508347;-0.750969;0.688162;0.401718;-0.368963;0.382611;-0.731681;0.998593;0.220664;
-0.0245064;-0.491209;-0.305277;-0.050264;0.235389;-0.90396;-0.126459;-0.799677;0.0369517;0.286226;0.609546;-0.660817;0.293663;
0.00996765;-0.690911;-0.575549;0.863582;0.719721;-0.698862;0.070374;0.526963;-0.869869;-0.679434;-0.0252998;-0.340393;0.695059;
-0.771355;-0.0227973;-0.134373;-0.74926;0.587939;-0.826276;-0.563905;0.186926;-0.620373;0.203833;-0.299778;0.757542;-0.743278;
0.630779;-0.801935;0.619922;0.406191;-0.154767;-0.736137;0.466597;-0.463729;0.0496849;-0.933164;0.151769;0.062006;-0.859493;
-0.211792;-0.689044;-0.551816;0.918088;-0.195776;-0.652821;-0.95764;-0.799979;-0.709586;-0.531785;0.171117;-0.41653;0.157006;
-0.971153;0.6245;0.198302;0.460995;-0.656864;0.859004;-0.733757;-0.170385;-0.25779;-0.698233;-0.573428;-0.32363;-0.799734;
-0.762505;0.194433;0.78609;0.743828;0.0728477;0.277383;-0.947203;-0.332072;0.673086;-0.917966;0.65508;-0.683706;0.844661;-0.286966;-0.339396;0.415284;0.725394;-0.123094;-0.223026;
0.40141;-0.573168;-0.998962;-0.757716;-0.00613422;-0.53148;0.391644;0.59154;-0.956537;-0.416586;-0.0529496;0.846492;-0.409772;-0.133733;0.0355969;0.020661;-0.8764;-0.0411695;0.0744346;
0.726188;0.788876;0.622019;0.776971;-0.802606;-0.955411;-0.203955;0.618565;0.0519539;-0.0637056;-0.935226;0.260629;-0.996155;0.604724;-0.939512;0.624012;0.0227363;-0.0859135;-0.0821863;
