22
0;
0;
0;
0;
0;
0;
0;
0;
0;
0.315104;0.420576;-0.746941;0.460311;-0.730033;-0.0910367;0.700858;-0.540269;0.997497;0.287698;
-0.333232;-0.100009;0.728813;0.738578;0.977477;-0.814692;-0.400555;0.809198;0.127659;-0.581835;
0.542039;0.984436;0.816156;-0.95764;0.604419;-0.0194403;0.312845;0.991333;-0.242958;0.574816;
-0.779168;-0.348125;-0.749443;0.782159;-0.804498;-0.0426344;-0.413495;0.192419;-0.817011;0.9223;
-0.835749;0.280374;-0.259499;0.930052;-0.333964;0.500412;0.00192267;-0.911618;-0.757439;0.979431;
0.8493;-0.0374462;-0.437727;-0.380657;0.855098;0.000579852;-0.213904;0.422773;0.555467;0.962096;
-0.469466;0.853572;-0.381451;0.663686;-0.118259;-0.955199;0.469893;0.353435;0.522691;0.667776;
0.937071;-0.973876;0.0357982;0.272378;-0.523667;-0.00656148;-0.555223;0.913816;-0.455611;0.0191961;
0.0563066;0.876217;0.676504;0.334819;-0.334635;-0.693228;0.834101;-0.154454;0.186377;-0.427412;
-0.414655;-0.159642;0.772698;0.152196;0.679067;0.518967;-0.513474;-0.124912;-0.423444;0.646901;
-0.417219;-0.678152;0.502487;0.652882;-0.532151;-0.804132;0.577807;0.479354;0.397443;-0.518906;
-0.402264;0.499741;0.974731;0.197241;-0.984069;0.814814;0.511826;-0.435163;0.699026;-0.760125;
0.317423;0.393414;-0.987609;-0.703299;0.972167;0.50444;0.801447;0.52092;0.655202;0.0019837;0.828608;0.398907;0.58385;
-0.796014;-0.76867;0.246193;0.629017;0.0455031;0.561083;0.339335;-0.830927;0.767388;0.966979;0.61449;0.244362;0.702872;
-0.913083;0.244667;0.0748009;0.97412;-0.791986;0.408795;0.00387585;-0.0889004;0.259011;-0.436018;-0.0697348;-0.99353;-0.803095;
-0.464766;-0.709464;0.217017;0.351482;-0.267129;-0.344829;0.426069;-0.711722;-0.187536;0.000152593;-0.121677;0.754753;0.0876797;
0.717215;0.399945;-0.730216;0.0104678;-0.575732;0.215735;-0.0788293;0.0293283;0.640004;-0.822504;-0.0678426;-0.860347;0.383038;
-0.785943;0.560045;-0.562426;-0.239174;-0.182958;-0.110385;-0.00985748;0.60802;-0.625904;0.0831629;-0.665029;-0.761345;0.162328;
-0.349712;0.920591;-0.625233;-0.185888;0.299966;0.801019;0.311808;-0.931211;0.93646;-0.102939;-0.61388;0.621204;0.362896;
0.136021;0.805475;0.880795;-0.745537;0.782769;-0.0954314;-0.546861;0.962889;0.27543;0.890133;0.157384;-0.284158;-0.123569;
-0.864742;0.389874;-0.225867;0.453658;0.0888394;0.649586;0.106967;0.701834;-0.141209;-0.965148;0.150304;0.118442;-0.464644;
0.526414;-0.790521;-0.953673;0.314005;-0.13303;-0.93115;-0.905576;-0.518052;-0.148167;0.370952;0.250649;0.330729;-0.158238;
0.32725;-0.00210578;0.0567949;0.311014;0.324625;0.747307;0.712882;0.243202;0.987487;0.900021;-0.727592;-0.812922;-0.739738;
-0.149937;-0.129246;0.785272;-0.928159;0.241676;0.283059;-0.412336;0.144261;-0.207312;-0.295572;-0.0367138;0.508408;-0.0029603;
-0.107456;0.921384;-0.710257;0.0184027;0.736198;-0.344279;-0.674368;-0.912107;0.312296;-0.375774;0.177282;-0.281533;0.493454;
-0.0243233;-0.901486;-0.952513;0.16892;0.136814;0.524827;0.621693;-0.858516;0.372417;-0.35667;-0.065157;0.762261;0.1301;
0.608325;0.0331736;0.366497;0.98291;0.963073;0.49852;-0.427107;-0.0176702;0.831782;0.123569;-0.491867;0.233497;0.442915;
0.59093;-0.979797;0.505783;0.547777;-0.531907;0.942442;0.691336;-0.704642;-0.16776;0.470199;0.923032;0.127598;0.835505;
0.714591;-0.83404;0.255715;0.524644;-0.507004;-0.906491;0.281838;-0.772881;0.421857;-0.938902;0.527207;0.816156;0.371197;
-0.00961333;0.630238;0.166356;0.346294;0.97589;-0.0236518;0.11478;-0.14304;0.426801;-0.477523;0.236976;-0.162389;-0.443464;
0.578539;0.752739;0.180639;0.0324412;-0.891781;-0.127171;0.945921;0.598071;-0.887326;-0.099826;-0.692129;0.480453;-0.342509;0.39671;-0.695547;0.395611;-0.892514;-0.270302;0.447981;
0.963622;-0.869015;-0.690725;0.262856;-0.653737;0.0359203;-0.17008;0.811274;-0.0790735;0.000457778;-0.171728;0.269326;-0.199622;-0.239174;-0.130039;-0.382855;-0.985534;-0.681265;0.677602;
-0.496139;0.163305;0.230445;0.513169;-0.648122;-0.644215;0.0405591;0.126255;-0.23899;-0.753288;0.423322;0.58153;0.276528;-0.0175481;-0.407575;0.277505;-0.417463;0.870602;0.543931;
