1844
0;
0;
0;
0;
0;
0;
0;
0;
0;
0.921201;-0.822565;0.950133;0.38554;-0.314615;0.368877;-0.634693;-0.152501;-0.850948;0.51091;
-0.906308;0.937254;0.84051;-0.800348;-0.195105;0.271889;-0.96997;0.257424;-0.868954;0.658559;
-0.81579;0.621937;-0.752251;-0.396649;-0.312052;-0.571581;0.879452;-0.456893;0.399701;0.59447;
0.794122;-0.38786;0.601184;-0.77868;-0.151524;-0.243141;-0.09653;-0.874935;-0.353435;-0.989868;
0.67333;-0.191931;0.873653;0.739189;-0.458907;0.184973;-0.631214;0.677358;0.553392;-0.625233;
0.998413;0.554796;-0.467452;-0.12772;-0.607532;-0.861507;0.205969;-0.589709;-0.392743;-0.504746;
-0.332865;0.826533;-0.224281;0.289895;-0.26841;0.245827;-0.191198;-0.0694296;-0.25071;0.892575;
-0.789483;-0.624561;-0.562792;0.84344;-0.931883;0.410566;-0.706534;0.0345775;0.280984;-0.786248;
-0.843745;0.835383;-0.910092;0.0164495;0.469771;-0.499741;-0.0294504;0.674429;0.81933;0.813166;
0.95117;0.962706;0.299051;-0.765252;-0.579699;-0.595569;0.273904;0.866756;-0.516099;-0.551683;
0.0983612;-0.455245;0.936644;0.805231;0.355266;-0.626881;0.908261;0.758538;0.176183;-0.987243;
0.248939;-0.741325;-0.793512;0.0361034;-0.285134;0.61626;-0.222327;0.660756;0.0175481;-0.395856;
-0.151158;-0.825434;0.798334;0.783685;0.280313;0.364544;0.591601;0.864742;-0.997986;-0.737785;0.839167;0.91406;-0.361309;
-0.482162;0.0166326;0.223853;-0.845454;0.716239;0.937315;0.65276;0.0802942;-0.0538652;-0.707389;-0.747978;-0.115818;-0.063509;
0.494797;-0.0105899;-0.949461;-0.929014;0.881771;0.383282;0.427839;-0.405377;0.348308;-0.140843;-0.591784;-0.676199;0.465926;
-0.358318;-0.497604;-0.827021;-0.847774;0.994201;0.870785;-0.189795;-0.0448927;-0.382;0.374737;-0.246071;-0.988647;-0.97467;
0.709525;0.223914;-0.255287;0.696219;-0.818049;-0.941527;0.36375;-0.166173;-0.30491;-0.989257;0.22367;0.529893;0.502121;
0.735954;0.113498;-0.847468;-0.707327;-0.217017;0.531968;-0.23075;0.173925;-0.0976287;-0.986389;0.417829;0.107517;-0.0169988;
0.568834;0.0372021;-0.632374;0.930174;0.298868;0.870968;-0.420148;-0.202307;0.250099;0.156163;-0.0949431;-0.513352;-0.431684;
-0.0903653;0.93054;-0.677664;0.0165105;0.624561;0.82989;0.823603;-0.0814539;-0.310343;-0.64391;-0.0251167;0.591052;0.343486;
0.228004;0.316019;0.326151;-0.0235298;-0.525498;0.159642;-0.0127873;-0.406903;0.298013;0.251137;-0.719291;-0.753349;0.0199896;
-0.818354;-0.23368;-0.740715;-0.328837;0.867855;-0.332438;0.0395825;-0.211463;-0.589404;0.545885;0.310282;0.982055;-0.354778;
0.900632;0.558885;0.833308;0.695059;0.756951;-0.476974;-0.31138;0.842158;0.305094;0.524094;0.909726;-0.973754;0.65215;
-0.539964;0.142796;-0.714164;-0.249611;-0.727897;-0.829035;-0.547594;-0.436567;0.695669;0.910459;0.411542;-0.466903;0.108982;
-0.886593;-0.757256;0.410016;0.292703;-0.658132;0.55089;-0.490585;0.91113;0.771599;-0.698721;-0.544115;0.529283;-0.607776;
-0.52855;-0.521775;0.977233;0.163549;-0.168615;-0.681936;-0.125095;0.691641;-0.834407;0.813959;0.12949;-0.0134587;0.249245;
-0.776055;0.217566;0.865535;0.889828;-0.65099;0.0655232;-0.438032;-0.651479;0.519456;0.339824;-0.894894;0.45323;-0.492782;
-0.0402539;0.0309153;-0.285928;-0.57329;-0.35435;0.987671;-0.242775;-0.313944;0.314798;0.799127;0.385968;-0.94818;0.136998;
0.546434;0.584277;0.889706;-0.936705;-0.767266;-0.226295;0.642872;0.640065;-0.408368;0.637013;0.611927;-0.0804773;-0.396588;
0.820368;0.0974456;-0.717765;0.28019;-0.172765;-0.0312815;0.980651;-0.716483;0.416303;-0.279397;0.218543;0.936399;0.81518;
0.0812708;-0.421613;0.191809;-0.936399;-0.767144;0.608081;-0.878109;-0.201819;-0.29136;-0.61919;-0.511887;0.790033;0.0277413;-0.15952;-0.0435499;-0.449812;0.130833;-0.256264;-0.480636;
-0.687124;0.679556;-0.986999;-0.312174;0.710685;-0.718986;-0.687857;-0.985595;0.453352;-0.298624;0.656606;0.512314;-0.676565;-0.870785;-0.128025;-0.470382;0.800409;-0.446944;0.712455;
0.645009;0.626148;0.31431;0.451643;-0.856136;0.624866;-0.101474;0.758965;-0.359905;-0.911191;0.0273141;-0.32664;-0.595813;-0.956542;0.113926;0.487777;0.961303;0.703543;-0.856014;
