107
0;
0;
0;
0;
0;
0;
0;
0;
0;
-0.476547;-0.648488;-0.363262;0.245277;0.709464;-0.600085;-0.777154;0.640126;-0.977783;-0.90173;
0.830866;-0.132542;0.706229;-0.609668;-0.401166;-0.396405;0.459517;-0.0013123;-0.0928678;-0.935911;
0.566637;-0.721854;0.0669881;0.18717;-0.403546;-0.629322;-0.893002;0.524827;-0.0201117;0.72277;
-0.530442;0.40318;0.778497;-0.97058;0.430097;-0.084994;0.957457;0.666005;0.0513627;0.306436;
-0.525681;-0.329569;0.48558;-0.678823;-0.502548;0.339885;0.436384;-0.935911;-0.934935;0.501938;
-0.406293;-0.0534989;-0.501205;-0.475265;0.854122;-0.723685;-0.116733;0.128025;-0.8623;0.0555742;
0.924924;0.0567339;0.616626;0.546434;0.501877;0.681326;-0.835078;0.170385;0.217994;0.585681;
-0.15537;0.301126;-0.726737;-0.794122;0.238624;-0.48497;0.963134;0.582873;-0.555712;-0.139073;
0.118748;0.289895;-0.460494;-0.288369;0.80224;-0.400922;-0.66625;-0.239418;0.567064;-0.0514847;
-0.782769;-0.27488;0.598254;-0.227699;0.919736;0.319254;0.043611;0.75689;0.992187;0.0587481;
-0.150975;-0.414777;-0.176183;-0.539415;0.409833;0.232459;-0.993469;0.199499;0.351604;0.873653;
0.859554;-0.216346;0.751823;0.46849;0.926572;-0.686819;0.116001;-0.916318;-0.741569;0.882626;
0.41966;-0.983764;-0.706656;0.190161;-0.470382;0.780084;0.146886;0.917356;0.316446;-0.981872;-0.874874;0.439985;-0.229041;
0.403607;0.272683;-0.566149;0.437178;0.590564;-0.231666;0.937437;-0.526109;0.279214;-0.0186468;-0.565722;-0.341899;-0.543748;
0.999451;-0.482772;-0.358196;-0.126438;-0.557054;0.697439;-0.224342;0.827876;-0.623768;-0.0801111;0.811335;0.303201;-0.871273;
0.349101;-0.204688;0.540086;0.839778;-0.0135197;0.46672;0.0918912;0.537339;0.682241;0.471053;-0.567125;-0.434492;-0.895627;
0.703726;0.178869;-0.828486;0.227393;-0.906003;0.98413;-0.93469;0.902463;0.143834;0.176305;-0.235084;0.0728477;0.531968;
0.192358;-0.461348;-0.803949;0.098178;-0.122654;-0.241676;-0.564684;0.517991;-0.290262;-0.52562;-0.81695;0.981689;0.014008;
-0.97351;0.47972;-0.810358;-0.77514;-0.497909;-0.111606;0.976989;0.264565;-0.145604;0.389996;0.878475;0.0954924;0.493942;
-0.140172;0.948729;0.511826;-0.835871;0.689077;0.148106;-0.768731;-0.0840175;0.11301;-0.39256;-0.649342;0.991272;-0.190771;
0.0844447;0.226844;0.429914;0.327189;0.923765;-0.153905;-0.788629;0.912778;0.833857;-0.255654;0.74456;0.289956;-0.207801;
0.540696;0.516892;0.96173;0.392621;-0.853633;0.717277;0.593066;-0.0544145;-0.287332;-0.356853;-0.961425;-0.353984;-0.621204;
0.705802;0.577441;0.118931;0.883847;0.845576;-0.083285;-0.342753;-0.89642;-0.830317;-0.47148;0.463363;-0.423017;-0.37431;
0.880245;-0.79339;0.081576;0.521836;-0.878048;-0.789544;-0.675954;0.708121;-0.205481;0.580432;-0.1948;-0.770074;-0.881832;
-0.4138;0.923948;0.266823;0.426801;-0.389813;-0.618519;0.168493;0.308451;0.974914;0.949889;0.401776;-0.984008;-0.0383618;
0.664785;-0.780389;0.709708;0.333476;-0.492111;-0.134434;0.0935392;-0.326151;0.639515;0.125523;-0.990051;-0.144688;-0.755852;
-0.95996;-0.447005;-0.0517899;-0.94702;-0.410749;-0.736076;0.88464;-0.397015;-0.837397;0.971252;0.187597;-0.70159;0.626759;
0.837947;0.0801111;0.334574;-0.196997;-0.822016;-0.714896;0.547533;0.168126;-0.394696;-0.170629;0.252724;0.58977;-0.923399;
-0.836238;-0.866695;0.909665;0.391949;0.912778;-0.757073;-0.813044;-0.285745;0.564928;-0.816889;-0.585314;0.671377;-0.582507;
-0.479965;-0.479537;-0.39787;-0.912351;0.501205;0.465804;-0.489975;-0.098117;0.13596;0.254799;-0.714103;-0.522202;-0.298441;
-0.333964;-0.237098;0.809076;0.737602;-0.480575;-0.83404;0.167028;0.590991;0.290628;-0.481613;0.131321;0.574694;-0.114353;0.567797;0.0617389;-0.198401;0.388409;0.794061;-0.675893;
0.7575;-0.407147;0.0621662;-0.417585;-0.326212;0.133457;-0.518479;-0.530015;-0.235267;0.0252388;-0.964476;-0.0477004;0.38908;-0.57329;0.542283;-0.307047;0.201331;-0.561754;0.510483;
0.73693;-0.647267;-0.25248;0.452315;-0.177953;0.806269;0.935484;-0.784417;-0.367351;-0.173132;0.255043;0.89819;-0.694021;-0.289651;0.694693;0.906491;0.506333;0.812983;0.139988;
