3653
0;
0;
0;
0;
0;
0;
0;
0;
0;
-0.202355;0.0338149;0.287918;-0.341702;-0.947115;-0.416608;0.875622;0.302103;-0.151404;-0.483124;
-0.923327;0.937254;0.84051;-0.801604;-0.194181;0.271889;-0.96997;0.257424;-0.868954;0.658559;
0.224036;0.279946;0.879452;0.0790124;0.586779;0.446616;0.647084;0.00430693;-0.853721;-0.438765;
-0.924619;0.410199;-0.278133;0.0226142;0.922361;0.289712;0.479293;0.562812;0.782708;0.452986;
0.671291;-0.19267;0.873653;0.739189;-0.458907;0.184595;-0.633279;0.668161;0.553392;-0.626244;
-0.213433;-0.662882;-0.756157;-0.0794984;-0.588758;-0.512558;-0.586941;0.900082;0.503036;-0.981276;
0.828669;0.863889;0.0146184;-0.324015;-0.292506;0.637196;-0.332743;-0.554491;-0.629029;-0.771214;
0.901486;0.243202;-0.517344;-0.654469;-0.122532;0.325894;0.648373;0.334614;-0.459639;-0.414228;
-0.835;0.835383;-0.910092;0.0164495;0.465589;-0.499741;-0.0294504;0.674429;0.844266;0.813166;
-0.89996;0.443702;-0.539048;0.547899;0.0221259;-0.839179;0.744316;0.896588;0.954161;0.463851;
0.212951;-0.581164;-0.374957;-0.969726;-0.701041;0.373089;0.353008;-0.721915;-0.506882;0.122288;
0.253846;-0.741325;-0.793512;0.0362113;-0.283716;0.608474;-0.220168;0.666851;0.0175481;-0.399914;
-0.0620105;0.817684;0.112949;0.361675;0.418195;-0.976867;0.342363;-0.343819;0.995178;0.881466;-0.876766;0.823725;-0.939329;
-0.505417;0.34611;-0.280618;-0.346049;0.947508;0.992676;0.422637;0.369906;-0.109043;-0.105991;-0.668177;0.451765;0.531541;
-0.856064;-0.442732;-0.820159;-0.235278;0.358897;0.38977;-0.347819;0.43564;-0.360466;0.438032;0.539903;0.581719;-0.93133;
0.995836;-0.581528;0.18009;-0.172521;0.0659609;-0.20226;0.289895;-0.319681;0.136998;0.174209;0.992981;-0.651845;0.0407422;
0.709525;0.22054;-0.258296;0.690136;-0.832655;-0.937442;0.36375;-0.164831;-0.309366;-0.989257;0.225434;0.529893;0.510134;
-0.738547;-0.117732;0.178935;0.493446;-0.497675;0.886276;-0.260684;0.181799;0.693655;0.527548;-0.816034;0.871519;-0.60857;
-0.186071;0.20337;-0.422956;0.828303;0.963012;-0.00979644;0.324259;0.94525;-0.401305;0.891006;-0.298318;0.691397;0.107639;
0.0187078;0.859798;0.452437;0.810236;0.879513;0.594104;0.63152;-0.869259;0.333816;0.0254219;-0.141661;0.199437;0.932981;
0.228004;0.316019;0.326151;-0.0235963;-0.525498;0.158739;-0.0126624;-0.404663;0.298013;0.251137;-0.728092;-0.758869;0.0196416;
0.182592;-0.266396;0.273244;0.441707;-0.417219;-0.711173;-0.523734;-0.261611;-0.835351;-0.853843;0.70491;-0.573865;0.399157;
-0.826167;-0.606311;0.650059;0.531907;0.952696;-0.571177;-0.391217;0.691151;0.357341;0.692015;0.41222;-0.627674;0.278054;
0.316935;0.0270699;0.956359;0.718542;0.686087;-0.484176;0.345744;0.0382198;0.995605;-0.728617;0.209935;-0.588794;0.873592;
-0.93939;0.36607;-0.916684;-0.66924;-0.50914;-0.982358;-0.596301;-0.321913;0.548082;-0.588855;-0.256216;0.971184;0.460921;
-0.393841;0.989319;0.872633;0.549181;0.0260933;-0.389136;-0.483139;0.587573;-0.300699;0.487367;-0.515894;0.251198;0.155028;
-0.411103;0.0261731;0.319987;0.939451;0.799996;0.423627;-0.092872;-0.507065;0.270304;-0.59801;0.372173;-0.901498;0.831466;
-0.0410206;0.0308656;-0.291363;-0.566668;-0.35435;0.987671;-0.239386;-0.313514;0.314798;0.799127;0.383438;-0.94818;0.136998;
-0.929624;-0.852048;0.811169;0.721183;-0.669729;-0.0443434;-0.38908;0.383811;0.851566;0.00259407;0.887387;0.163854;-0.915687;
-0.645131;0.396405;-0.136396;0.51888;-0.224525;-0.0213324;-0.425703;-0.930357;0.0442824;0.815302;0.187841;-0.28251;-0.890622;
0.0812708;-0.421613;0.191809;-0.952303;-0.761528;0.594508;-0.878109;-0.198124;-0.29136;-0.61919;-0.511887;0.790033;0.0278582;-0.159723;-0.0435499;-0.449812;0.130833;-0.256264;-0.483688;
0.022248;0.888544;0.591723;0.816889;0.42413;0.823969;0.893002;-0.918821;-0.485349;-0.318583;0.426865;0.495834;0.15891;0.202124;0.102804;-0.0745567;0.0348216;-0.477684;0.977477;
-0.22247;0.157628;0.906491;-0.689543;0.14381;0.633118;-0.269021;0.82934;-0.833184;0.00543637;0.758782;-0.778375;0.969176;-0.592822;0.784661;0.377422;0.0244453;0.00515763;-0.296854;
