54
0;
0;
0;
0;
0;
0;
0;
0;
0;
-0.991943;0.526048;0.727042;-0.364299;0.0458083;-0.605518;0.649525;0.866695;-0.388714;0.160863;
0.247047;-0.471053;-0.173559;-0.789605;-0.889401;-0.391766;-0.542467;-0.926328;0.161718;-0.198096;
-0.973327;-0.658742;0.15659;0.256508;-0.15067;-0.19779;-0.477767;-0.69097;-0.940123;-0.383282;
0.0872524;0.544969;-0.311869;-0.662648;0.26957;-0.515061;-0.151219;-0.410504;0.28367;0.21305;
0.10715;-0.774834;0.930052;-0.741325;-0.917356;0.761711;0.528672;-0.954649;0.353862;-0.0820032;
-0.43968;0.21775;0.725639;-0.938658;-0.423261;-0.839228;0.923276;-0.623646;-0.056856;0.022187;
0.774163;-0.430647;0.974975;-0.448408;-0.0595416;-0.0796228;-0.967895;0.0685751;0.265114;-0.504563;
0.132603;0.872188;0.793451;-0.668691;-0.352458;-0.595935;-0.466659;-0.594714;0.642018;0.4785;
-0.984069;0.203223;0.42143;0.890683;-0.280313;0.696829;-0.151341;-0.282998;0.420331;-0.455611;
0.992676;-0.380963;-0.471236;-0.673452;-0.328532;-0.536363;0.48027;0.629139;0.452803;-0.427412;
-0.763482;-0.213294;0.673269;-0.0870693;0.963683;-0.901059;-0.959166;0.541795;-0.0515458;-0.66863;
-0.619129;0.617176;-0.184606;-0.685476;-0.910825;-0.712027;0.107089;0.453108;0.855586;0.775262;
0.290262;0.957213;-0.781854;0.957457;-0.749992;-0.390484;0.513352;-0.228126;-0.664602;-0.119968;-0.218116;0.745598;-0.982482;
0.20011;-0.804743;-0.0332347;-0.776238;-0.78985;-0.436445;-0.189001;-0.589465;-0.207739;-0.512131;-0.266701;0.436384;0.69982;
-0.27958;-0.560595;0.298441;-0.401654;-0.706778;0.7481;-0.20481;0.328043;0.979553;-0.542222;0.176733;0.202063;0.649403;
-0.470443;-0.153722;0.152196;0.0825526;0.898556;0.175024;-0.465133;-0.199255;-0.772576;-0.507736;0.40965;-0.518296;0.913327;
-0.685354;-0.897153;0.518357;-0.338603;-0.124668;-0.130772;0.284402;-0.0627155;-0.983154;0.463118;0.670034;-0.389386;-0.490097;
0.432905;0.44908;-0.896908;0.860164;-0.0498367;0.0410474;-0.647633;0.6657;-0.0129704;0.230262;-0.0949431;-0.411725;-0.347148;
-0.595935;-0.548753;-0.999939;-0.49559;0.873898;0.112949;-0.631703;0.640736;0.839778;-0.201514;0.44145;0.39555;0.562792;
-0.0636311;-0.701956;0.440474;-0.693289;0.90051;-0.678396;0.11008;-0.388287;0.438765;0.164037;0.762749;-0.537706;-0.58153;
-0.241127;-0.0113834;0.912961;0.201086;0.449385;-0.521531;-0.267556;-0.0428175;0.290628;-0.635731;-0.368694;0.236549;-0.40849;
0.845759;-0.367595;-0.896115;-0.243751;-0.0859706;0.149815;-0.846004;0.490097;-0.014069;0.33665;-0.282205;0.430036;0.260537;
0.264809;0.572558;-0.735405;-0.389264;0.499557;-0.531297;0.403851;0.823481;0.631092;0.785211;0.262551;0.998413;-0.674612;
-0.373516;-0.780084;0.921201;-0.542528;0.673208;0.316752;-0.779717;0.888974;0.099704;0.753899;0.12241;0.452315;-0.1301;
0.253639;0.617664;-0.294412;0.725089;-0.652699;-0.15244;0.0181585;-0.825007;-0.349223;0.528123;-0.448347;0.806269;-0.809259;
-0.779534;-0.302347;-0.781549;0.844783;-0.737968;-0.465133;0.903012;0.95642;-0.830195;-0.131382;-0.625355;0.189062;0.329447;
-0.585498;0.870357;-0.319193;0.780999;0.689444;0.92645;0.561876;0.916196;0.171789;0.147435;-0.10184;-0.102878;0.294229;
0.479049;-0.876339;0.610889;-0.169836;0.296793;0.0225532;-0.028779;0.238258;-0.375652;0.325419;0.381207;0.525559;-0.206885;
-0.019013;-0.832636;0.193335;0.855098;0.166051;-0.199499;0.826899;-0.937193;0.0962859;-0.287576;-0.107089;-0.271767;-0.2996;
0.524522;-0.693899;-0.227454;-0.780145;-0.502426;0.327738;-0.720084;-0.202857;0.0177313;-0.641163;0.368511;0.114536;-0.0702841;
0.190771;0.689016;-0.853633;-0.469893;-0.725639;-0.134312;0.0871303;0.0334178;-0.427412;0.191076;-0.482467;0.323527;-0.443892;-0.113437;0.871761;0.802118;0.907102;0.242775;0.267373;
0.148289;-0.508103;0.950438;-0.237953;-0.200232;-0.833796;0.935789;0.0974456;-0.0300607;0.974364;-0.987793;-0.00552385;0.0124821;-0.694327;-0.339152;0.0620441;0.945738;-0.428999;0.252052;
0.380902;0.950133;0.960204;-0.97821;-0.173742;-0.349162;0.844966;0.11362;0.191321;-0.00228889;0.388592;0.999756;-0.826533;-0.444502;-0.0751671;0.593738;-0.713065;0.0170598;-0.330607;
